LINE_OFF: 2652
SAMP_OFF: 4440
LAT_OFF: 39.69
LON_OFF: -105.0657
HEIGHT_OFF: 1970
LINE_SCALE: 2652
SAMP_SCALE: 4440
LAT_SCALE: -0.1185
LON_SCALE: 0.2119
HEIGHT_SCALE: 2920
LINE_NUM_COEFF_1: 0.0023389880287239
LINE_NUM_COEFF_2: -0.4100267572899577
LINE_NUM_COEFF_3: 1.2863722489697638
LINE_NUM_COEFF_4: -0.0013561468756895
LINE_NUM_COEFF_5: -0.02631615668120274
LINE_NUM_COEFF_6: -0.002939713764689671
LINE_NUM_COEFF_7: 0.009757738316212716
LINE_NUM_COEFF_8: 0.01729138523464136
LINE_NUM_COEFF_9: -0.1049904414867907
LINE_NUM_COEFF_10: -5.020446397012113e-07
LINE_NUM_COEFF_11: -0.0007561234858854811
LINE_NUM_COEFF_12: 0.01659536628787341
LINE_NUM_COEFF_13: 0.008155711065986008
LINE_NUM_COEFF_14: 6.452153401484709e-05
LINE_NUM_COEFF_15: -0.05148023004990772
LINE_NUM_COEFF_16: -0.02815448847721072
LINE_NUM_COEFF_17: -0.0002065382019898688
LINE_NUM_COEFF_18: 0.0002074896366473101
LINE_NUM_COEFF_19: 0.001204639030820202
LINE_NUM_COEFF_20: 1.234438298260951e-06
LINE_DEN_COEFF_1: 1
LINE_DEN_COEFF_2: -0.0424792460360102
LINE_DEN_COEFF_3: -0.0820502312918019
LINE_DEN_COEFF_4: 0.0009685503358251511
LINE_DEN_COEFF_5: -0.0008886482105938267
LINE_DEN_COEFF_6: -0.0005643928139525491
LINE_DEN_COEFF_7: 0.001358712688222639
LINE_DEN_COEFF_8: -0.06280669230634293
LINE_DEN_COEFF_9: -0.03358898809352016
LINE_DEN_COEFF_10: -0.0001685904824848784
LINE_DEN_COEFF_11: 6.529244903636851e-05
LINE_DEN_COEFF_12: 0.001042103635104306
LINE_DEN_COEFF_13: 0.0005383971684398165
LINE_DEN_COEFF_14: -6.613749030602296e-06
LINE_DEN_COEFF_15: 0.001853644656523828
LINE_DEN_COEFF_16: 0.001004862399928705
LINE_DEN_COEFF_17: -8.941915437630237e-06
LINE_DEN_COEFF_18: -4.466048416983832e-05
LINE_DEN_COEFF_19: -2.863439436711731e-05
LINE_DEN_COEFF_20: 8.350802159181565e-07
SAMP_NUM_COEFF_1: 0.0052172020714350
SAMP_NUM_COEFF_2: 1.0579058698481603
SAMP_NUM_COEFF_3: 0.1770847761416852
SAMP_NUM_COEFF_4: 0.0144421969970194
SAMP_NUM_COEFF_5: -0.001555074307706527
SAMP_NUM_COEFF_6: 0.004587464499220972
SAMP_NUM_COEFF_7: 0.0008001039679299286
SAMP_NUM_COEFF_8: -0.01699350210637822
SAMP_NUM_COEFF_9: -0.000360176079474333
SAMP_NUM_COEFF_10: -2.88932038511197e-05
SAMP_NUM_COEFF_11: -0.0003172138384997654
SAMP_NUM_COEFF_12: -0.04349037005492188
SAMP_NUM_COEFF_13: -0.02185076640915073
SAMP_NUM_COEFF_14: -0.0001022233142924321
SAMP_NUM_COEFF_15: -0.007168957046400751
SAMP_NUM_COEFF_16: -0.003661884165221159
SAMP_NUM_COEFF_17: -1.837791166127386e-05
SAMP_NUM_COEFF_18: -0.001315767489340973
SAMP_NUM_COEFF_19: -0.0003323118803157364
SAMP_NUM_COEFF_20: -9.32256463369898e-07
SAMP_DEN_COEFF_1: 1
SAMP_DEN_COEFF_2: -0.0118087372095223
SAMP_DEN_COEFF_3: -0.0008427361457670
SAMP_DEN_COEFF_4: -0.001968163647424533
SAMP_DEN_COEFF_5: 0.0001686196640011445
SAMP_DEN_COEFF_6: -0.001159077431963155
SAMP_DEN_COEFF_7: -0.0002533118715329494
SAMP_DEN_COEFF_8: -0.06345951329143094
SAMP_DEN_COEFF_9: -0.03244600063404715
SAMP_DEN_COEFF_10: -8.032764608950269e-05
SAMP_DEN_COEFF_11: -1.154855833509423e-06
SAMP_DEN_COEFF_12: 0.0003107158162181468
SAMP_DEN_COEFF_13: 0.0001559222374363411
SAMP_DEN_COEFF_14: -3.755532201448308e-06
SAMP_DEN_COEFF_15: 2.330835196574321e-05
SAMP_DEN_COEFF_16: 3.283789128105415e-05
SAMP_DEN_COEFF_17: 1.332643319534447e-06
SAMP_DEN_COEFF_18: 7.751569749868653e-06
SAMP_DEN_COEFF_19: -8.895566158519882e-06
SAMP_DEN_COEFF_20: 6.721520542116625e-08
